
0.08 0 0 0 783
0.17 0 0 0 783
0.25 0 0 0 667
0.33 0 0 0 698
0.42 0 0 0 884
0.5 0 0 0 902
0.58 0 0 0 790
0.67 0 0 0 766
0.75 0 0 0 801
0.83 0 0 0 881
0.92 0 0 0 876
1.0 0 0 0 773
1.08 0 0 0 802
1.17 0 0 0 1845
1.25 0 0 0 1036
1.33 0 0 -1 871
1.42 0 0 0 717
1.5 0 0 0 581
1.58 0 0 0 566
1.67 0 0 -1 719
1.75 0 0 0 727
1.83 0 0 0 648
1.92 0 0 0 585
2.0 0 0 0 585
2.08 0 0 0 690
2.17 0 0 0 685
2.25 0 0 0 592
2.33 0 0 0 566
2.42 0 0 0 492
2.5 0 0 0 572
2.58 0 0 0 562
2.67 0 0 0 486
2.75 0 0 0 442
2.83 0 0 0 511
2.92 0 0 -1 665
3.0 0 0 0 723
3.08 0 0 0 624
3.17 0 0 0 579
3.25 0 0 0 563
3.33 0 0 0 956
3.42 0 0 0 1045
3.5 0 0 0 561
3.58 0 0 0 567
3.67 0 0 0 534
3.75 0 0 0 531
3.83 0 0 0 617
3.92 0 0 0 686
4.0 0 0 0 629
4.08 0 0 0 570
4.17 0 0 0 508
4.25 0 0 0 515
4.33 0 0 0 570
4.42 0 0 0 686
4.5 0 0 0 692
4.58 0 0 0 700
4.67 0 0 0 570
4.75 0 0 0 563
4.83 0 0 0 708
4.92 0 0 -1 740
5.0 0 0 0 556
5.08 0 0 0 489
5.17 0 0 0 443
5.25 0 0 0 444
5.33 0 0 0 558
5.42 0 0 0 568
5.5 0 0 0 519
5.58 0 0 -1 506
5.67 0 0 0 560
5.75 0 0 0 700
5.83 0 0 0 679
5.92 0 0 0 570
6.0 0 0 0 480
6.08 0 0 -8 478
6.17 0 0 -29 539
6.25 0 0 -48 496
6.33 0 0 -61 567
6.42 0 0 -101 704
6.5 0 0 -152 718
6.58 0 0 -231 805
6.67 0 0 -183 808
6.75 0 0 -191 524
6.83 0 0 -261 526
6.92 0 0 -345 550
7.0 0 0 -321 557
7.08 0 0 -361 644
7.17 0 0 -422 653
7.25 0 0 -412 564
7.33 0 0 -377 538
7.42 0 0 -465 578
7.5 0 0 -546 795
7.58 0 0 -906 757
7.67 0 149 -939 605
7.75 0 334 -505 539
7.83 0 0 -633 524
7.92 0 109 -1048 643
8.0 1 405 -1068 1141
8.08 1 -73 -1145 773
8.17 1 372 -1301 501
8.25 2 800 -1450 1126
8.33 3 324 -1128 1592
8.42 2 -464 -1721 1139
8.5 3 582 -1899 1007
8.58 4 892 -2067 946
8.67 6 1121 -2215 948
8.75 7 1267 -2341 1034
8.83 9 1307 -2444 1183
8.92 11 1261 -2563 1160
9.0 13 1403 -2693 1068
9.08 15 1625 -2817 1052
9.17 17 1765 -2945 1250
9.25 19 1695 -3057 1269
9.33 22 1788 -3170 1168
9.42 25 2002 -3280 1062
9.5 28 2218 -3389 1032
9.58 31 2357 -3484 1127
9.67 34 2357 -3582 1098
9.75 37 2484 -3687 1079
9.83 41 2608 -3778 965
9.92 44 2813 -3858 967
10.0 48 2891 -3963 1404
10.08 52 2559 -4049 1177
10.17 56 2872 -4116 1178
10.25 60 2938 -4208 1068
10.33 64 3140 -4317 1053
10.42 68 3264 -4407 1135
10.5 73 3272 -4476 1367
10.58 77 3109 -4550 1363
10.67 81 3187 -4593 1263
10.75 86 3330 -4668 1374
10.83 90 3294 -4736 1369
10.92 94 3367 -4793 1265
11.0 99 3528 -4819 1217
11.08 100 3602 -4858 1428
11.17 100 0 -4897 1531
11.25 100 0 -4940 1548
11.33 100 0 -4981 1685
11.42 100 0 -5035 1797
11.5 100 0 -5077 1600
11.58 100 0 -5118 1842
11.67 100 0 -5147 1665
11.75 100 0 -5195 1759
11.83 100 0 -5258 1650
11.92 100 0 -5308 2001
12.0 100 0 -5303 2068
12.08 100 0 -5298 2066
12.17 100 0 -5288 1783
12.25 100 0 -5304 1546
12.33 100 0 -5331 1142
12.42 100 0 -5372 2004
12.5 100 0 -5410 1529
12.58 100 0 -5412 2005
12.67 100 0 -5508 1745
12.75 100 0 -5501 2327
12.83 100 0 -5475 3500
12.92 100 0 -5490 5810
13.0 99 -320 -5543 4423
13.08 100 1120 -5480 2306
13.17 100 0 -5492 2033
13.25 100 0 -5486 2167
13.33 100 0 -5462 2161
13.42 100 0 -5468 2309
13.5 100 0 -5498 2005
13.58 100 0 -5569 2038
13.67 100 0 -5554 1603
13.75 100 0 -5549 1671
13.83 100 0 -5495 2617
13.92 100 0 -5498 2969
14.0 100 0 -5472 1419
14.08 100 0 -5500 1436
14.17 100 0 -5581 1542
14.25 100 0 -5573 1801
14.33 100 0 -5539 1812
14.42 100 0 -5517 2013
14.5 100 0 -5483 1606
14.58 100 0 -5424 2003
14.67 100 0 -5368 2013
14.75 100 0 -5180 1670
14.83 100 0 -5026 1514
14.92 100 0 -5038 1622
15.0 100 0 -4940 1660
15.08 100 0 -4891 1641
15.17 100 0 -4777 1565
15.25 100 0 -4612 1365
15.33 100 0 -4381 1638
15.42 100 0 -4383 2127
15.5 100 0 -1878 1495
15.58 100 0 -4027 1635
15.67 100 0 -2966 6604
15.75 95 -3638 -2727 7225
15.83 89 -4498 -2329 6954
15.92 82 -4625 -2529 7569
16.0 76 -5040 -2476 7503
16.08 69 -5027 -2264 6974
16.17 63 -4710 -2540 7253
16.25 56 -4713 -2638 6144
16.33 51 -3506 -2674 4598
16.42 49 -1924 -735 3571
16.5 45 -2836 -1780 3087
16.58 43 -1307 -2989 3314
16.67 43 -325 -2820 3495
16.75 42 -675 -2428 2497
16.83 42 -69 -2081 2993
16.92 41 -912 -2142 3627
17.0 39 -1485 -2007 2568
17.08 38 -561 -2004 3155
17.17 36 -1151 -1931 2617
17.25 35 -686 -1292 3268
17.33 33 -1976 -735 1349
17.42 32 -614 -965 1319
17.5 32 -354 -1039 1514
17.58 31 -475 -991 1531
17.67 30 -540 -952 1459
17.75 29 -507 -834 1432
17.83 29 -598 -676 1286
17.92 28 -610 -672 1345
18.0 27 -673 -682 1389
18.08 26 -707 -586 1317
18.17 25 -731 -631 1316
18.25 24 -685 -562 1487
18.33 23 -925 -449 1432
18.42 22 -983 -406 1395
18.5 20 -989 -371 1321
18.58 19 -950 -385 1295
18.67 18 -910 -406 1451
18.75 16 -1045 -328 1423
18.83 15 -1095 -277 1391
18.92 13 -1114 -236 1276
19.0 12 -1040 -205 1260
19.08 11 -1055 -214 1399
19.17 9 -1185 -256 1457
19.25 7 -1201 -338 1402
19.33 6 -1064 -386 1328
19.42 5 -942 -382 1335
19.5 3 -953 -326 1451
19.58 2 -1125 -263 2310
19.67 0 -2047 -205 2866
19.75 0 0 -167 1637
19.83 0 0 -132 1845
19.92 0 0 -94 2011
20.0 0 0 -77 2005
20.08 0 0 -62 2025
20.17 0 0 -38 2261
20.25 0 0 -10 2080
20.33 0 0 0 1316
20.42 0 0 -1 1232
20.5 0 0 0 1257
20.58 0 0 0 1322
20.67 0 0 0 1461
20.75 0 0 0 1543
20.83 0 0 0 1392
20.92 0 0 0 1326
21.0 0 0 0 1227
21.08 0 0 0 1213
21.17 0 0 -1 1217
21.25 0 0 -1 1209
21.33 0 0 0 1123
21.42 0 0 0 1264
21.5 0 0 0 1697
21.58 0 0 0 1212
21.67 0 0 0 1225
21.75 0 0 0 1293
21.83 0 0 0 1210
21.92 0 0 0 1020
22.0 0 0 0 1050
22.08 0 0 0 1024
22.17 0 0 0 965
22.25 0 0 0 905
22.33 0 0 0 929
22.42 0 0 0 1100
22.5 0 0 0 1208
22.58 0 0 0 1012
22.67 0 0 0 806
22.75 0 0 0 843
22.83 0 0 0 872
22.92 0 0 0 876
23.0 0 0 0 806
23.08 0 0 0 909
23.17 0 0 0 1048
23.25 0 0 0 1235
23.33 0 0 0 1222
23.42 0 0 0 1174
23.5 0 0 0 1160
23.58 0 0 0 1256
23.67 0 0 0 2346
23.75 0 0 0 2015
23.83 0 0 0 1097
23.92 0 0 0 993
24.0 0 0 0 890